<?xml version='1.0' encoding='UTF-8'?>
<kml xmlns='http://www.opengis.net/kml/2.2'>
	<Document>
		<name>ShimizuPort_WaterBus_Rute</name>
		<Placemark>
			<name>ShimizuPort_WaterBus_Rute</name>
			<styleUrl>#line-DF0101-1-nodesc</styleUrl>
			<ExtendedData>
			</ExtendedData>
			<LineString>
				<tessellate>1</tessellate>
				<coordinates>138.4909168,35.0195867,0.0 138.4909407,35.0196166,0.0 138.4909763,35.0196382,0.0 138.4910225,35.0196509,0.0 138.49107410000002,35.0196593,0.0 138.4911284,35.0196568,0.0 138.4911861,35.0196487,0.0 138.4912437,35.0196472,0.0 138.491359,35.019653,0.0 138.491447,35.019665,0.0 138.491492,35.019674,0.0 138.491579,35.019696,0.0 138.491622,35.019709,0.0 138.491711,35.019737,0.0 138.491756,35.019753,0.0 138.491843,35.019786,0.0 138.491887,35.019803,0.0 138.491971,35.019838,0.0 138.49201200000002,35.019855,0.0 138.492095,35.019886,0.0 138.492137,35.019901,0.0 138.492224,35.019929,0.0 138.492268,35.019942,0.0 138.492359,35.019966,0.0 138.492404,35.019976,0.0 138.492494,35.019991,0.0 138.492539,35.019996,0.0 138.492631,35.020001,0.0 138.492678,35.020002,0.0 138.492771,35.019999,0.0 138.492816,35.019996,0.0 138.492904,35.019983,0.0 138.492949,35.01997,0.0 138.493041,35.019952,0.0 138.493086,35.019941,0.0 138.493174,35.019912,0.0 138.493218,35.019894,0.0 138.493294,35.019851,0.0 138.49333,35.019828,0.0 138.49339600000002,35.019783,0.0 138.493428,35.019759,0.0 138.493491,35.01971,0.0 138.493522,35.019683,0.0 138.493577,35.019631,0.0 138.493607,35.0196,0.0 138.493664,35.019538,0.0 138.49369,35.019508,0.0 138.493739,35.019448,0.0 138.493762,35.019419,0.0 138.493807,35.019359,0.0 138.49383,35.01933,0.0 138.493878,35.019273,0.0 138.493903,35.01924400000001,0.0 138.493954,35.019181,0.0 138.493983,35.019149,0.0 138.494041,35.019088,0.0 138.494069,35.019058,0.0 138.494123,35.018993,0.0 138.49415,35.018961,0.0 138.494209,35.018903,0.0 138.494238,35.018874,0.0 138.494294,35.01882,0.0 138.494323,35.018794,0.0 138.49438300000003,35.018743,0.0 138.494411,35.018717,0.0 138.494468,35.018656,0.0 138.494498,35.018628,0.0 138.494556,35.018575,0.0 138.494584,35.018546,0.0 138.49464,35.018489,0.0 138.494668,35.018463,0.0 138.494728,35.018412,0.0 138.494758,35.018384,0.0 138.494815,35.018321,0.0 138.494841,35.01829000000001,0.0 138.494898,35.01823,0.0 138.494927,35.018201,0.0 138.494983,35.018146,0.0 138.495011,35.01812,0.0 138.495069,35.018071,0.0 138.495099,35.018048,0.0 138.495161,35.018,0.0 138.495193,35.017975,0.0 138.49526,35.01792,0.0 138.49529200000003,35.017893,0.0 138.495358,35.017837,0.0 138.495392,35.017809,0.0 138.495459,35.017758,0.0 138.495493,35.017731,0.0 138.495558,35.017682,0.0 138.495594,35.017658,0.0 138.495668,35.017613,0.0 138.495701,35.017591,0.0 138.495769,35.017542,0.0 138.495802,35.017519,0.0 138.495873,35.017471,0.0 138.495908,35.017446,0.0 138.495975,35.017403,0.0 138.496012,35.017386,0.0 138.49609,35.017348,0.0 138.496133,35.017323,0.0 138.49621,35.017271,0.0 138.496247,35.017245,0.0 138.496316,35.0172,0.0 138.496347,35.017181,0.0 138.496439,35.017133,0.0 138.49646700000002,35.01712,0.0 138.496551,35.017063,0.0 138.496583,35.017035,0.0 138.496649,35.016972,0.0 138.496685,35.016937,0.0 138.49672,35.016901,0.0 138.496752,35.016865,0.0 138.496811,35.016796,0.0 138.49684,35.016764,0.0 138.4969,35.016704,0.0 138.496931,35.016674,0.0 138.496991,35.016614,0.0 138.497021,35.016583,0.0 138.497078,35.016519,0.0 138.497105,35.016487,0.0 138.497156,35.016424,0.0 138.497179,35.016391,0.0 138.497218,35.016325,0.0 138.497234,35.016293,0.0 138.497264,35.016229,0.0 138.497277,35.016196,0.0 138.497305,35.016126,0.0 138.49732,35.01609,0.0 138.49735,35.016016,0.0 138.497366,35.015978,0.0 138.497394,35.015903,0.0 138.497407,35.015866,0.0 138.497429,35.015789,0.0 138.497441,35.015751,0.0 138.497466,35.015679,0.0 138.497576,35.011635,0.0 138.49757,35.011596,0.0 138.497558,35.011515,0.0 138.497552,35.011474,0.0 138.49754,35.011393,0.0 138.497534,35.011353,0.0 138.497517,35.011276,0.0 138.497506,35.011239,0.0 138.497482,35.011167,0.0 138.497467,35.011133,0.0 138.497433,35.011064,0.0 138.497411,35.01103,0.0 138.497364,35.010976,0.0 138.49733500000002,35.010945,0.0 138.497274,35.010887,0.0 138.497244,35.010857,0.0 138.497185,35.010794,0.0 138.497157,35.010761,0.0 138.497096,35.0107,0.0 138.497062,35.010673,0.0 138.496988,35.010624,0.0 138.4965065,35.0104925,0.0 138.4962943,35.0104038,0.0 138.496138,35.01032,0.0 138.4958568,35.0100374,0.0 138.4956121,35.0096654,0.0 138.4954596,35.0093943,0.0 138.495384,35.0092497,0.0 138.4953006,35.0091927,0.0 138.4951904,35.0091841,0.0 138.4952447,35.0091403,0.0 138.4953312,35.0091317,0.0 138.4954184,35.0091715,0.0 138.4955484,35.0093613,0.0 138.4956884,35.0096401,0.0 138.495919,35.010005,0.0 138.496061,35.010144,0.0 138.496201,35.010248,0.0 138.496279,35.010292,0.0 138.496318,35.010312,0.0 138.496403,35.010349,0.0 138.496445,35.010366,0.0 138.49653,35.010396,0.0 138.496669,35.010439,0.0 138.49672100000004,35.010454,0.0 138.496821,35.010483,0.0 138.496871,35.010496,0.0 138.497019,35.010519,0.0 138.497173,35.010525,0.0 138.497268,35.010539,0.0 138.497313,35.010548,0.0 138.4974,35.010564,0.0 138.497444,35.010571,0.0 138.497534,35.010576,0.0 138.497578,35.010574,0.0 138.497662,35.010565,0.0 138.497704,35.010558,0.0 138.497788,35.010541,0.0 138.497829,35.01053300000001,0.0 138.497908,35.010516,0.0 138.497947,35.010508,0.0 138.498025,35.010493,0.0 138.498063,35.010487,0.0 138.498143,35.010467,0.0 138.498187,35.010450000000006,0.0 138.498234,35.010426,0.0 138.498279,35.0104,0.0 138.498368,35.010348,0.0 138.498411,35.010326,0.0 138.498492,35.010285,0.0 138.49853100000004,35.010263,0.0 138.498603,35.010215,0.0 138.498636,35.010186,0.0 138.498699,35.010127,0.0 138.498731,35.010095,0.0 138.498794,35.010033,0.0 138.498825,35.010005,0.0 138.498887,35.009953,0.0 138.498917,35.00992900000001,0.0 138.498978,35.009879,0.0 138.499008,35.009856,0.0 138.499069,35.009806,0.0 138.4991,35.009779,0.0 138.49916,35.009723,0.0 138.499191,35.009694,0.0 138.499254,35.009636,0.0 138.499283,35.00961,0.0 138.499342,35.009556,0.0 138.499371,35.00953,0.0 138.49943,35.009476,0.0 138.49946,35.009449,0.0 138.499518,35.009392,0.0 138.499547,35.009364,0.0 138.499605,35.009305,0.0 138.499634,35.009274,0.0 138.49969,35.009211,0.0 138.499718,35.00918,0.0 138.499774,35.009117,0.0 138.499802,35.009084,0.0 138.499855,35.009019,0.0 138.49988,35.008987,0.0 138.49993,35.008922,0.0 138.499955,35.00889,0.0 138.500008,35.008824,0.0 138.500033,35.008794,0.0 138.500087,35.008731,0.0 138.500117,35.008699,0.0 138.500173,35.008636,0.0 138.500201,35.008606,0.0 138.500257,35.008547,0.0 138.500286,35.008517,0.0 138.500344,35.008457,0.0 138.500373,35.008427,0.0 138.500428,35.008368,0.0 138.500454,35.008337,0.0 138.500514,35.008278,0.0 138.500543,35.008251,0.0 138.500607,35.008196,0.0 138.500642,35.008169,0.0 138.500706,35.008114,0.0 138.500736,35.008088,0.0 138.5008,35.008031,0.0 138.50083,35.008003,0.0 138.500893,35.007945,0.0 138.500925,35.007916,0.0 138.500984,35.007858,0.0 138.501014,35.007827,0.0 138.501066,35.007766,0.0 138.501093,35.007735,0.0 138.501142,35.007675,0.0 138.501169,35.007644,0.0 138.501224,35.007584,0.0 138.501251,35.007554,0.0 138.501301,35.007492,0.0 138.501326,35.007461,0.0 138.501374,35.007405,0.0 138.501404,35.007371,0.0 138.501464,35.007311,0.0 138.501494,35.007282,0.0 138.501557,35.007228,0.0 138.501588,35.007201,0.0 138.501652,35.00715,0.0 138.501686,35.007126,0.0 138.501757,35.007078,0.0 138.501792,35.007053,0.0 138.501863,35.007006,0.0 138.501899,35.006983,0.0 138.501968,35.006936,0.0 138.502002,35.006912,0.0 138.502072,35.006865,0.0 138.502107,35.006841,0.0 138.50218,35.006795,0.0 138.502216,35.006773,0.0 138.50229,35.006729,0.0 138.502328,35.006707,0.0 138.502406,35.006667,0.0 138.502446,35.006648,0.0 138.502528,35.00661,0.0 138.502571,35.00659,0.0 138.502649,35.006554,0.0 138.50269,35.006535,0.0 138.502774,35.006504,0.0 138.502813,35.006492,0.0 138.502902,35.006463,0.0 138.502946,35.006449,0.0 138.503031,35.006421,0.0 138.503075,35.006407,0.0 138.503163,35.00638,0.0 138.503212,35.006368,0.0 138.503304,35.006348,0.0 138.50335400000003,35.006339,0.0 138.50344800000002,35.006318,0.0 138.503491,35.006305,0.0 138.503577,35.006274,0.0 138.503619,35.006257,0.0 138.503702,35.006219,0.0 138.503744,35.006199,0.0 138.503831,35.006157,0.0 138.503872,35.006135,0.0 138.503951,35.006088,0.0 138.503989,35.006064,0.0 138.504061,35.006009,0.0 138.504096,35.005979,0.0 138.504161,35.005919,0.0 138.504192,35.005887,0.0 138.504249,35.005822,0.0 138.504274,35.005789,0.0 138.504322,35.00572,0.0 138.504344,35.005685,0.0 138.504389,35.005617,0.0 138.504411,35.005583,0.0 138.504455,35.005513,0.0 138.504477,35.005478,0.0 138.50452,35.005408,0.0 138.50454,35.005373,0.0 138.504583,35.005303,0.0 138.504605,35.005268,0.0 138.504656,35.005202,0.0 138.504684,35.005171,0.0 138.504744,35.005115,0.0 138.504773,35.005089,0.0 138.504835,35.005037,0.0 138.504868,35.005012,0.0 138.504942,35.004963,0.0 138.50498,35.00494,0.0 138.505059,35.004897,0.0 138.505099,35.004878,0.0 138.505182,35.004841,0.0 138.505226,35.004824,0.0 138.505316,35.004793,0.0 138.505362,35.004779,0.0 138.505449,35.004755,0.0 138.505492,35.004742,0.0 138.505578,35.004714,0.0 138.505621,35.004701,0.0 138.505704,35.004674,0.0 138.50574500000002,35.004659,0.0 138.505821,35.004622,0.0 138.505857,35.004602,0.0 138.505925,35.004559,0.0 138.505955,35.004537,0.0 138.506014,35.004487,0.0 138.506041,35.004462,0.0 138.50609,35.004404,0.0 138.506201,35.004207,0.0 138.506324,35.003925,0.0</coordinates>
			</LineString>
		</Placemark>
		<Style id='line-DF0101-1-nodesc-normal'>
			<LineStyle>
				<color>ff0101DF</color>
				<width>1</width>
			</LineStyle>
			<BalloonStyle>
				<text><![CDATA[<h3>$[name]</h3>]]></text>
			</BalloonStyle>
		</Style>
		<Style id='line-DF0101-1-nodesc-highlight'>
			<LineStyle>
				<color>ff0101DF</color>
				<width>2.0</width>
			</LineStyle>
			<BalloonStyle>
				<text><![CDATA[<h3>$[name]</h3>]]></text>
			</BalloonStyle>
		</Style>
		<StyleMap id='line-DF0101-1-nodesc'>
			<Pair>
				<key>normal</key>
				<styleUrl>#line-DF0101-1-nodesc-normal</styleUrl>
			</Pair>
			<Pair>
				<key>highlight</key>
				<styleUrl>#line-DF0101-1-nodesc-highlight</styleUrl>
			</Pair>
		</StyleMap>
	</Document>
</kml>
